660.976,304.225
636.213,306.174
662.753,307.565
657.487,307.74
635.273,308.157
640.484,309.592
660.523,309.613
658.759,312.594
674.821,315.093
649.17,316.174
631.858,316.908
673.506,317.648
637.439,318.289
644.003,320.565
622.679,320.843
655.504,320.916
626.318,321.78
633.245,322.492
678.36,323.472
637.081,323.619
653.079,324.434
639.035,324.523
680.978,324.669
644.647,325.905
652.268,326.389
665.755,327.567
675.27,327.608
631.213,327.95
643.6,328.542
668.535,329.06
658.985,329.159
651.423,329.337
646.127,329.862
683.672,330.534
666.442,331.637
682.478,331.858
640.783,333.145
649.948,333.168
663.551,333.265
624.463,333.342
645.513,334.213
632.527,334.935
639.959,335.242
670.422,336.607
647.217,340.107
685.94,340.389
620.777,341.34
618.936,341.409
679.985,341.547
627.324,341.603
639.416,342.035
622.928,342.459
662.056,342.529
676.484,342.75
642.366,345.063
639.621,345.609
630.04,346.568
646.7,346.681
625.209,346.771
650.768,347.282
672.056,347.548
629.259,347.766
654.751,347.881
656.628,348.501
660.134,348.671
667.984,349.415
642.738,349.951
652.024,349.986
671.291,350.525
637.791,350.903
649.556,351.032
654.517,352.398
659.838,353.262
648.966,356.048
669.789,357.397
665.373,359.929
624.855,360.424
662.42,360.72
626.761,363.811
667.14,364.033
637.609,364.503
648.763,364.824
638.583,365.65
666.254,366.738
653.469,370.728
650.43,371.572
661.43,372.276
153.879,308.064
178.29,308.199
166.838,308.485
153.41,309.122
153.636,309.867
148.658,310.898
170.83,311.777
181.997,312.281
151.534,315.214
158.234,316.942
156.903,318.774
131.505,318.993
171.829,319.959
188.385,321.231
175.094,321.902
149.332,322.096
132.401,322.735
150.449,322.89
172.762,324.576
178.86,324.684
129.898,326.107
140.855,327.583
167.174,328.263
163.921,328.34
145.897,328.558
180.488,328.618
125.823,328.684
154.945,329.416
188.031,330.014
174.682,330.318
162.439,330.402
128.484,330.468
156.03,330.695
187.152,331.229
168.092,331.83
129.107,332.022
129.6,333.61
158.713,334.341
169.774,334.662
191.52,334.977
133.87,335.02
160.971,335.471
185.668,335.604
200.468,335.644
164.317,335.97
142.494,336.65
197.979,337.757
192.739,338.016
123.22,338.794
132.062,338.832
184.485,339.211
162.725,339.915
136.333,340.328
167.759,340.476
188.627,340.491
166.321,342.129
159.853,342.331
193.875,342.382
152.072,342.404
197.029,342.743
132.796,343.359
176.53,343.547
179.363,343.574
178.037,343.672
152.655,345.182
165.121,345.513
162.034,345.997
125.206,346.962
171.972,349.879
191.181,349.959
161.773,350.404
168.823,350.884
127.327,350.908
182.901,351.725
183.617,352.579
175.568,353.932
156.466,354.278
159.181,354.447
184.109,355.875
144.133,356.156
163.283,357.159
174.195,357.187
185.038,359.301
146.451,359.416
142.978,361.95
134.443,361.955
194.452,363.123
144.727,363.41
172.193,364.859
142.127,365.116
186.492,366.136
163.71,366.165
154.581,366.177
141.478,367.346
139.807,367.959
147.813,369.185
138.191,369.528
156.592,370.709
138.571,371.407
176.65,371.485
157.497,371.658
183.168,372.223
170.311,372.819
181.366,373.854
151.856,375.167
165.883,375.174
177.629,375.408
155.613,377.032
152.479,377.285
155.358,377.929
179.727,378.364
147.366,379.114
162.91,380.567
337.718,305.692
338.624,306.106
329.298,307.033
322.76,307.044
342.994,310.67
351.887,311.603
333.539,311.89
333.868,312.928
319.884,313.587
335.147,314.891
321.18,315.663
325.111,316.065
328.436,316.801
356.246,320.109
357.739,321.053
341.53,321.295
309.119,321.986
367.37,322.193
314.309,322.429
324.706,322.709
315.665,323.192
350.748,323.821
366.213,324.547
369.885,325.104
345.193,326.957
323.167,328.544
352.146,328.862
353.396,329.17
319.294,329.545
332.038,329.567
334.586,329.567
355.725,329.737
364.513,330.463
376.024,330.619
371.565,331.405
345.661,333.121
342.261,333.749
320.544,334.019
370.213,334.867
371.977,335.02
336.719,335.237
359.632,336.229
330.693,336.872
303.768,337.46
344.49,338.303
323.992,338.852
343.402,339.059
334.993,339.566
318.342,340.531
311.678,340.689
307.329,340.702
373.097,340.763
354.668,341.4
368.188,341.876
342.46,342.193
295.095,342.319
349.378,342.593
331.047,343.179
304.788,343.217
306.04,344.25
371.168,345.096
300.119,345.111
357.02,345.129
318.411,345.202
310.511,345.281
312.171,345.928
338.189,348.672
312.98,349.579
361.789,349.989
328.638,350.035
301.754,350.545
336.078,350.882
340.122,351.188
349.132,351.455
361.162,352.626
316.539,353.64
327.318,353.692
316.021,354.83
368.832,354.848
362.763,354.907
338.883,358.015
326.846,358.512
365.499,359.163
341.805,361.755
309.967,361.84
337.131,362.059
330.765,363.646
308.677,364.606
304.473,365.008
309.395,365.09
314.833,365.398
308.096,366.369
346.037,366.652
339.705,367.928
317.885,368.544
340.258,369.252
343.329,369.994
347.617,370.365
315.049,372.453
351.49,372.812
321.703,372.978
327.576,373.535
313.86,374.769
358.554,376.035
345.291,376.266
322.171,376.74
331.361,377.574
349.633,380.861
326.059,381.239
321.474,383.121
465.741,40.127
482.456,41.754
477.011,43.279
476.6,45.718
488.985,46.419
490.389,46.649
459.989,48.062
451.672,48.477
447.604,51.804
456.12,52.193
447.401,52.68
489.694,53.469
489.323,53.989
474.738,54.167
468.284,54.237
487.319,54.287
478.584,54.568
517.589,55.822
490.101,56.147
516.314,56.174
453.824,56.455
464.638,57.017
445.339,57.294
507.47,57.687
480.505,59.468
454.31,59.578
446.989,60.668
520.495,60.697
457.219,61.058
501.55,61.489
508.426,61.924
447.115,62.044
442.165,62.166
498.974,62.522
463.971,62.675
519.726,64.114
467.813,64.479
509.907,64.625
515.12,66.087
485.224,67.012
452.837,67.247
502.674,67.575
523.466,67.773
488.187,67.923
504.803,68.302
466.572,68.819
461.595,69.35
473.674,69.556
431.04,69.589
456.452,70.104
450.642,70.156
500.674,70.16
494.982,70.178
512.411,71.274
461.568,72.37
504.405,73.147
449.195,73.234
524.047,73.32
444.002,73.804
503.446,73.822
490.326,74.669
444.186,74.773
443.042,75.007
476.081,75.411
443.575,75.477
516.205,77.533
484.653,78.147
455.329,78.197
459.305,78.72
495.572,78.745
425.956,78.906
526.738,80.445
528.601,80.789
493.7,81.478
470.216,82.183
471.17,82.281
477.29,82.318
536.043,82.472
529.99,82.646
441.622,82.712
482.255,82.785
488.474,83.054
474.061,83.219
531.936,83.234
513.167,84.628
494.467,84.637
535.227,85.103
529.089,85.565
456.32,85.624
518.369,85.695
511.716,85.906
492.166,86.233
448.946,86.545
432.501,87.168
525.191,87.662
497.048,88.247
525.932,88.422
437.223,89.016
429.847,89.107
521.958,89.828
517.274,90.571
537.606,91.828
436.353,91.968
506.119,92.784
527.511,93.643
424.294,97.509
441.896,97.95
436.16,99.51
434.226,100.897
444.57,101.574
428.855,108.992
438.753,110.45
429.191,112.407
437,112.594
438.797,115.729
421.602,117.717
439.119,119.693
437.638,120.246
445.168,121.036
423.173,123.604
426.709,125.924
428.665,126.795
419.133,127.199
435.422,127.915
445.818,130.619
441.056,131.792
449.75,132.161
436.787,132.524
423.113,133.675
439.334,133.911
423.694,134.56
420.737,134.844
433.38,135.975
427.845,139.381
455.69,139.93
433.728,140.543
427.535,140.842
440.13,142.847
422.181,143.794
432.792,143.799
425.758,144.367
469.419,144.455
435.55,145.395
431.419,145.755
451.224,145.775
440.408,146.542
431.209,147.043
440.541,147.443
429.476,147.655
457.738,147.949
462.197,148.753
458.784,148.79
435.104,150.564
481.596,150.747
470.742,151.028
475.537,151.384
486.403,152.427
479.218,153.336
442.739,153.699
468.571,154.661
487.203,155.054
491.499,155.056
469.035,155.808
492.554,156.945
493.331,157.034
450.257,157.572
430.442,157.874
486.966,158.69
431.691,161.683
475.063,162.051
505.503,162.45
453.361,162.676
485.405,162.724
450.017,162.982
467.237,163.015
444.988,163.518
446.606,163.869
504.016,164.453
483.317,164.96
460.405,165.011
454.607,165.491
448.598,166.01
490.836,166.186
474.385,166.211
452.446,166.814
448.289,168.177
485.908,168.301
460.684,168.549
473.044,169.3
463.544,169.773
441.254,169.819
478.121,170.152
472.289,170.258
456.744,170.562
506.497,171.391
458.455,171.723
480.952,172.104
471.724,172.447
462.369,172.691
462.699,176.173
499.357,177.083
497.729,179.01
476.852,179.141
482.757,180.824
497.288,116.862
504.684,118.564
500.45,118.781
512.501,118.822
515.358,119.685
506.057,119.873
551.669,119.94
513.607,120.024
542.261,121.323
503.533,123.134
538.449,123.666
506.288,123.926
532.535,124.963
535.374,124.987
536.336,125.359
541.956,125.614
504.129,126.134
499.386,126.144
498.238,126.197
510.951,126.254
523.702,126.337
492.24,127.167
533.889,127.493
516.126,127.973
494.99,128.921
556.017,129.036
532.113,131.972
534.042,133.423
509.416,134.11
535.72,134.304
514.408,135.016
493.319,135.26
520.422,137.28
527.298,137.36
524.935,138.144
521.854,138.206
550.427,140.703
510.183,142.282
548.844,142.901
516.698,142.955
528.705,144.861
575.8,145.081
528.51,145.594
525.507,146.165
549.351,147.794
528.385,149.093
574.776,149.666
564.062,150.091
569.252,150.45
580.529,152.58
555.511,152.813
543.797,153.217
523.439,153.221
577.096,153.561
557.155,153.821
540.728,154.218
567.029,155.564
535,155.746
554.604,156.498
553.231,157.644
565.622,159.177
552.675,160.487
551.34,161.382
552.228,161.539
565.391,162.42
551.871,163.963
561.421,166.072
549.795,166.147
563.976,166.47
557.805,167.451
559.049,168.661
550.489,169.343
563.571,171.008
565.895,174.816
578.552,176.176
558.492,176.966
558.076,183.121
572.341,183.795
548.741,185.141
571.997,185.255
571.288,186.591
568.308,189.231
554.133,189.464
568.75,190.522
574.234,191.904
560.184,192.29
554.855,194.481
545.792,198.292
573.339,199.37
560.626,201.339
484.479,201.808
544.398,202.037
546.15,202.697
544.523,203.247
557.549,203.253
496.092,204.783
545.515,205.062
552.079,205.232
556.428,205.593
480.224,206.366
554.335,206.42
569.615,206.821
549.936,207.559
476.785,207.988
540.551,208.51
570.595,208.906
501.173,209.049
471.001,209.154
553.659,209.159
484.712,209.501
474.655,209.547
570.022,209.903
497.611,211.97
537.191,211.979
476.159,213.082
529.146,213.374
530.331,213.716
560.98,214.079
562.351,214.13
564.375,214.272
487.013,214.471
487.71,214.871
458.4,214.958
520.077,215.482
547.348,216.15
514.639,216.942
568.922,217.769
537.99,217.917
466.888,218.478
533.306,218.951
464.185,218.974
547.947,218.987
543.334,219.389
475.069,220.2
496.267,220.2
537.621,221.068
548.078,221.696
479.44,221.889
526.415,221.976
469.176,222.122
493.109,222.595
504.879,223.245
472.424,223.374
508.167,224.352
501.681,224.604
498.585,224.761
491.164,225.738
558.66,226.102
518.744,226.107
485.69,226.433
505.801,227.197
517.547,227.273
532.845,227.692
511.198,229.151
505.328,229.27
477.532,230.323
559.487,230.512
534.237,231.182
555.919,231.33
496.519,231.653
545.041,233.072
539.702,233.506
484.317,233.798
546.902,233.832
517.963,234.854
484.92,235.709
531.058,235.723
530.053,235.845
473.185,235.903
503.429,236.263
518.412,236.544
490.594,237.163
528.082,237.987
506.602,239.498
530.871,239.966
489.75,242.396
551.065,242.547
495.831,242.586
482.31,243.418
519.888,244.016
524.336,245.015
485.006,245.823
489.089,246.34
502.585,246.657
507.542,247.408
528.185,247.661
538.825,248.077
508.916,248.813
512.989,248.855
523.074,250.801
534.594,252.169
540.102,252.257
519.289,252.735
522.247,253.701
520.838,254.256
541.399,254.555
524.593,254.965
517.344,255.757
94.842,135.204
109.321,138.094
71.813,138.206
320.843,138.228
61.427,138.457
142.07,138.726
50.861,138.893
140.837,139.146
194.828,139.209
203.609,139.329
49.89,139.351
168.274,139.703
200.698,139.846
90.066,139.88
188.524,139.94
125.125,139.991
37.458,140.053
249.584,140.167
258.339,140.262
53.696,140.333
306.48,140.395
47.454,140.403
230.524,140.512
201.416,140.704
304.199,140.746
246.043,140.806
219.616,140.885
225.11,140.915
95.795,141.152
67.96,141.335
296.662,141.432
270.289,141.447
326.361,141.649
62.999,141.875
172.605,141.876
315.501,142.003
316.762,142.555
216.062,142.694
328.929,142.844
32.099,143.035
227.643,143.225
126.689,144.081
238.139,144.096
70.308,144.133
246.255,144.218
107.021,144.256
312.559,144.434
75.993,144.485
189.235,144.589
219.131,144.7
97.647,144.72
146.461,144.838
190.41,144.839
57.351,144.958
268.271,144.971
133.514,145.516
307.888,145.591
115.795,145.864
174.845,146.047
159.347,146.43
301.09,146.564
58.445,146.64
331.061,146.707
239.572,146.801
109.938,146.879
289.436,146.915
304.081,146.92
257.549,146.929
27.887,146.941
157.097,147.095
262.925,147.195
217.515,147.199
292.568,147.238
259.314,147.327
63.973,147.393
193.748,147.43
294.172,147.603
148.916,147.787
40.381,148.068
60.351,148.181
228.218,148.267
207.832,148.335
298.229,148.537
245.657,148.563
181.293,148.633
196.535,148.652
256.303,148.66
56.551,148.808
225.579,148.841
281.54,148.927
110.273,148.951
121.658,148.967
236.113,149.196
161.89,149.204
261.679,149.472
223.041,149.482
176.219,149.932
22.172,150.049
156.89,150.131
253.999,150.452
39.912,150.513
59.9,150.54
180.844,150.826
277.317,150.914
232.394,151.075
205.088,151.435
90.808,151.571
154.971,151.627
192.115,151.814
99.609,151.894
113.923,152.089
24.271,152.193
330.341,152.564
143.626,152.655
247.596,152.793
93.42,153.068
72.448,153.101
145.683,153.144
152.194,153.153
280.463,153.158
66.712,153.17
76.828,153.21
273.534,153.242
126.953,153.559
252.93,154.284
117.094,154.336
210.203,154.483
191.668,154.569
251.432,154.587
202.124,154.646
19.034,154.732
162.761,154.815
286.909,154.986
89.297,155.491
127.743,155.523
83.227,155.623
120.241,155.652
79.75,156.732
174.166,156.988
211.441,157.206
164.988,157.222
184.554,157.526
95.504,157.555
165.92,157.885
243.305,157.964
274.408,158.305
144.545,158.753
84.786,158.792
73.251,159.11
276.99,159.135
149.609,159.203
171.963,159.266
330.64,159.323
240.497,159.38
251.23,159.384
178.892,159.417
177.496,159.542
266.97,159.699
101.082,159.803
209.678,159.871
185.582,159.981
169.867,160.045
220.62,160.152
277.894,160.226
23.197,160.374
86.835,161.038
175.183,161.289
328.328,161.379
288.797,161.383
66.93,161.463
295.836,161.686
65.527,161.731
275.188,161.732
74.236,161.736
215.083,161.737
147.042,161.861
310.583,161.993
87.458,162.044
294.989,162.163
31.56,162.172
299.158,162.312
160.061,162.919
83.795,163.025
19.915,163.184
279.12,163.332
20.411,163.543
269.677,163.544
30.176,163.656
248.384,163.702
224.269,164.092
112.369,164.192
103.293,164.521
105.712,164.575
55.529,164.776
300.213,164.849
183.048,165.25
36.666,165.398
41.62,165.417
168.941,165.506
313.889,165.633
314.564,165.723
278.524,165.991
39.332,166.041
100.396,166.044
77.896,166.356
102.608,166.439
305.676,166.653
272.427,166.829
319.508,166.976
130.608,166.997
161.047,167.032
213.04,167.189
123.855,167.463
284.233,167.729
85.372,167.791
166.915,167.804
119.7,167.848
235.718,168.427
133.021,168.507
24.745,168.548
254.791,168.611
181.949,168.674
194.43,168.704
101.668,168.905
104.872,169.065
173.335,169.134
68.68,169.236
118.06,169.279
77.167,169.545
26.532,169.671
251.972,170.086
32.81,170.112
234.843,170.407
96.634,170.521
324.884,170.819
66.539,170.91
273.787,171.163
82.642,171.22
265.086,171.24
230.897,171.483
106.233,171.58
139.788,171.6
217.068,171.64
114.928,171.689
108.138,171.709
112.928,171.78
199.887,171.887
182.587,172.145
69.475,172.23
309.285,172.272
307.254,172.284
46.272,172.561
195.63,172.617
233.965,172.782
153.13,172.988
282.677,173.005
18.067,173.055
283.147,173.368
178.034,173.382
58.823,173.444
302.004,173.47
131.722,173.659
38.006,173.67
189.678,173.883
80.212,173.904
286.007,174.036
186.873,174.213
327.86,174.334
293.698,174.443
207.339,174.492
323.582,174.63
103.201,174.763
24.943,175.09
38.696,175.224
176.647,175.237
183.559,175.462
104.347,175.611
132.259,175.665
67.553,175.725
185.129,175.734
190.988,175.787
158.27,175.847
250.355,175.979
73.792,175.984
112.797,176.117
137.028,176.21
244.466,176.288
163.388,176.343
35.236,176.364
308.914,176.455
142.814,176.485
148.332,176.609
329.534,176.617
88.706,176.685
260.121,176.7
118.736,176.804
175.481,176.817
256.751,176.849
42.662,176.909
28.355,177.212
65.886,177.319
55.027,177.406
150.243,177.473
210.645,177.815
167.605,177.919
108.602,178.091
322.717,178.234
177.36,178.535
331.754,178.868
72.114,179.025
27.104,179.199
237.357,179.362
173.638,179.555
137.962,179.734
64.779,180.357
206.37,180.453
303.585,180.629
212.71,180.665
316.479,180.696
247.264,180.768
45.317,181.056
322.878,181.177
240.801,181.178
21.409,181.389
44.414,181.393
198.941,181.503
326.889,181.568
52.622,181.916
30.773,182.051
318.323,182.643
94.303,182.798
29.242,182.931
321.85,182.94
195.157,182.953
33.045,182.992
135.319,182.999
153.696,183.013
205.884,183.193
44.019,183.254
33.585,183.373
283.707,183.686
36.257,183.698
271.821,185.621
234.864,244.592
287.437,244.7
216.497,244.797
260.292,244.799
205.094,245.336
274.302,245.444
296.97,246.026
242.848,246.187
217.482,246.361
214.916,246.544
266.91,247.372
299.132,247.988
282.77,248.761
191.475,248.979
250.737,248.985
291.683,249.094
221.889,249.484
221.515,249.913
168.784,250.097
358.137,250.268
248.197,250.671
215.53,250.902
376.398,251.574
256.128,251.643
145.695,252.222
167.272,252.347
377.884,252.614
336.336,252.815
235.478,252.983
276.248,253.026
321.801,253.264
164.143,253.348
276.824,253.898
183.845,254.069
142.206,254.367
151.415,254.811
164.9,255.039
322.522,255.481
172.022,255.744
329.826,256.269
216.782,256.393
233.173,256.487
341.166,256.49
199.059,256.774
176.248,256.856
246.211,257.004
304.116,257.178
261.033,257.946
168.283,257.95
241.386,257.955
238.388,258.167
166.854,258.216
261.802,258.219
328.027,258.385
267.79,258.546
210.807,258.753
335.855,258.797
240.766,258.826
268.65,258.927
132.612,258.952
133.285,258.973
195.841,259.09
120.182,259.236
195.446,259.275
195.223,259.303
286.976,259.335
370.524,259.581
247.657,259.677
340.544,259.696
223.795,259.78
259.062,259.847
358.721,259.912
295.301,259.998
181.985,260.158
309.232,260.38
280.259,260.382
143.269,260.419
367.715,261.151
257.052,261.209
359.908,261.221
333.562,261.296
306.803,261.514
361.204,261.708
354.164,261.749
124.82,261.864
347.83,261.914
368.397,262.058
288.914,262.231
276.933,262.471
235.676,262.61
153.31,262.628
151.888,262.644
262.705,262.756
253.724,263.118
369.972,263.249
138.854,263.312
202.992,263.397
255.164,263.433
179.044,263.445
226.697,263.483
269.569,264.229
176.638,264.276
188.112,264.32
119.521,264.342
131.309,264.388
108.035,264.541
348.729,264.691
206.131,264.749
267.293,264.964
241.117,265.01
310.351,265.14
250.162,265.481
362.335,265.582
358.437,265.584
285.917,265.773
155.432,265.779
141.203,265.822
217.099,265.994
261.649,266.026
181.108,266.237
105.735,266.323
112.038,266.481
397.022,266.483
321.053,266.501
153.756,266.591
175.147,267.035
236.075,267.568
365.962,267.834
350.352,267.841
314.474,267.889
386.85,268.208
161.21,268.239
401.392,268.271
346.266,268.386
348.104,268.693
271.358,269.107
294.125,269.208
184.243,269.275
234.124,269.3
347.027,269.484
162.837,269.797
220.961,269.839
364.302,270.024
331.139,270.079
116.118,270.099
116.917,270.293
229.713,270.555
229.983,270.753
238.567,270.766
274.811,270.851
185.068,270.968
284.224,270.97
354.042,271.24
205.727,271.55
323.592,271.776
345.636,271.783
184.201,271.984
328.682,272.08
316.09,272.295
189.263,272.365
385.32,272.6
347.378,272.672
107.208,272.741
159.461,272.871
365.041,272.918
231.64,272.95
299.952,273.015
412.013,273.039
332.842,273.049
111.92,273.059
146.538,273.415
307.841,273.426
372.834,273.842
193.835,273.965
392.026,274.041
222.816,274.215
144.324,274.262
242.165,274.344
302.042,274.351
362.578,274.592
231.177,274.619
278.387,274.685
233.675,274.728
103.443,275.113
184.803,275.142
393.87,275.359
400.79,275.553
221.329,275.558
298.289,275.669
374.334,275.758
144.611,275.853
332.076,275.981
268.136,276.218
326.374,276.345
292.513,276.386
297.682,277.079
113.75,277.192
147.492,277.268
331.537,277.279
377.427,277.387
235.603,277.481
243.231,277.59
239.251,277.642
294.783,277.717
302.474,277.981
282.085,277.982
196.392,278.01
177.292,278.063
345.278,278.078
109.286,278.229
356.119,278.468
357.73,278.505
423.625,278.606
136.73,278.689
78.93,278.739
432.592,278.896
259.719,278.912
286.788,278.92
322.884,278.954
211.168,279.157
179.18,279.618
268.326,279.856
171.561,280.03
138.141,280.041
208.478,280.366
186.663,280.399
164.522,280.68
59.41,280.906
348.208,281.281
273.862,281.305
239.767,281.313
223.403,281.412
143.917,281.565
191.103,281.635
295.399,281.74
425.464,281.741
137.137,281.848
188.508,282.094
154.368,282.101
366.112,282.204
241.73,282.281
207.249,282.409
342.771,282.611
108.523,282.87
134.019,282.918
73.189,283.025
313.93,283.078
94.959,283.585
194.718,283.682
193.331,283.738
194.154,283.746
66.523,283.799
179.837,284.052
87.172,284.134
402.773,284.218
95.734,284.532
329.706,284.713
421.923,284.761
66.209,284.821
147.831,285.022
352.346,285.392
418.201,285.682
410.708,285.972
407.996,286.008
97.786,286.274
105.21,286.344
142.503,286.624
394.864,286.816
397.475,286.913
406.111,287.297
369.137,287.411
128.558,287.806
396.145,287.85
319.44,287.986
159.764,288.052
345.851,288.391
125.152,288.588
61.673,288.598
78.621,288.802
130.534,288.951
133.453,289.02
52.622,289.037
386.608,289.194
378.179,289.508
432.953,289.514
111.583,289.604
122.856,289.844
96.347,289.895
401.966,290.358
148.248,290.486
399.667,290.504
355.627,290.567
373.491,290.722
156.122,290.744
404.151,290.877
43.668,291.399
352.804,291.482
62.382,291.554
364.163,291.906
102.177,292.04
106.176,292.456
423.479,292.576
434.548,292.794
109.868,292.862
414.844,292.891
411.84,293.004
413.243,293.071
57.86,293.158
100.433,293.333
60.88,293.369
72.174,293.497
431.476,293.868
390.64,293.958
375.155,294.645
453.706,295.165
92.286,295.358
453.35,295.523
409.412,296.241
119.815,296.545
109.014,297.536
388.662,297.954
443.069,298.013
389.945,298.199
58.091,298.559
34.687,298.645
50.432,299.391
376.1,299.845
43.395,300.136
81.753,300.599
408.577,300.765
394.307,300.814
397.963,301.312
84.687,301.617
22.648,301.845
389.74,301.868
30.152,302.263
71.044,302.361
95.351,302.391
89.502,302.506
69.746,302.796
411.323,303.126
407.588,303.313
36.368,303.323
461.43,303.426
439.555,303.691
414.359,303.901
47.073,304.217
63.546,304.552
44.926,305.39
51.622,306.263
433.531,306.699
57.161,306.967
430.586,307.041
403.957,307.223
58.693,307.798
86.84,307.898
403.135,307.952
54.973,308.618
52.016,308.647
62.335,308.819
401.52,309.01
38.483,309.053
420.457,309.085
456.877,309.287
456.952,309.309
51.381,309.339
457.56,309.871
436.883,310.057
21.981,310.181
21.398,310.923
35.471,311.366
432.437,311.366
21.128,311.598
423.895,311.641
438.943,311.816
64.802,311.944
442.157,311.945
452.978,312.366
79.41,312.385
447.133,312.509
19.871,312.744
441.051,313.418
50.113,313.644
459.358,313.731
58.391,314.439
416.987,314.997
444.98,315.303
427.267,315.886
25.722,315.903
36.154,316.095
28.931,316.146
449.315,316.324
18.401,316.506
419.095,316.961
39.297,317.421
466.399,317.743
421.674,319.72
435.218,321.225
54.469,321.346
476.266,321.411
421.076,321.448
54.068,321.808
37.482,321.958
61.027,322.163
47.348,322.24
435.536,322.356
52.415,322.429
424.367,323.119
28.518,323.886
40.202,324.015
430.045,324.215
47.988,324.866
34.948,325.1
33.205,325.15
458.212,325.358
25.605,325.391
456.158,326.245
467.677,326.964
47.826,327.783
438.462,328.804
429.271,329.775
478.2,329.863
37.153,330.001
23.087,331.747
462.812,333.131
450.655,334.172
7.798,335.318
19.35,335.468
464.485,335.525
12.362,336.383
435.936,336.962
474.028,337.023
26.63,338.016
43.022,338.1
481.873,338.631
8.743,338.975
41.099,339.342
475.227,339.598
18.12,339.686
16.05,340.187
440.528,341.442
45.626,342.268
464.897,343.644
465.009,343.714
24.172,343.841
13.156,344.062
16.346,344.69
461.818,344.828
441.551,345.23
49.718,345.273
10.583,345.6
434.374,345.867
41.708,347.081
435.825,347.081
433.06,348.892
473.169,349.682
29.856,350.191
35.786,350.472
450.58,350.598
431.13,350.641
32.469,350.818
447.728,352.005
46.813,352.385
446.941,352.849
452.782,353.004
446.78,353.006
467.267,353.183
479.124,353.347
55.947,353.436
14.524,353.603
40.931,354.262
24.811,355.822
429.494,355.828
443.649,356.951
36.016,357.015
444.773,357.025
476.866,358.237
18.972,358.39
447.278,359.067
440.322,359.597
445.592,359.608
27.594,360.195
427.076,360.605
460.865,360.605
62.738,361.133
448.514,361.48
472.407,362.644
30.845,362.74
442.663,363.271
11.956,364.116
474.53,364.429
471.83,366.58
425.996,367.085
450.208,367.423
463.023,367.791
422.702,368.899
39.715,368.951
459.782,369.416
63.116,369.837
465.469,369.922
468.761,370.088
75.864,370.152
424.841,370.183
56.519,370.269
17.142,370.489
449.539,370.556
53.734,371.545
455.02,371.707
451.784,372.544
463.597,372.888
470.532,373.245
53.113,373.63
75.981,373.892
26.442,375.309
446.385,375.791
420.762,375.909
405.21,376.181
444.529,376.501
49.221,376.644
458.636,376.864
446.2,376.875
72.552,377.098
27.995,377.312
37.978,377.388
68.11,377.472
444.084,377.758
431.754,378.545
437.278,378.593
45.921,378.705
438.268,378.901
433.499,379.803
457.91,379.863
85.698,380.122
70.221,380.266
91.282,381.058
81.266,381.555
392.807,381.579
399.774,381.619
396.336,382.252
55.135,382.346
59.946,382.474
398.408,383.121
48.354,383.203
98.302,383.25
98.906,383.296
94.322,383.477
449.901,383.51
426.936,383.646
32.217,383.8
71.897,384.142
35.171,384.492
437.593,384.646
418.134,384.903
439.894,385.014
66.915,385.652
435.048,385.943
452.215,385.959
395.719,386.118
74.33,386.576
65.754,386.654
74.614,386.659
381.522,386.891
386.21,386.943
382.863,386.952
29.363,386.997
33.847,387.077
103.896,387.175
77.671,387.262
427.456,388.137
92.832,388.358
101.558,388.536
380.181,389.217
52.869,389.467
436.547,389.647
395.41,390.354
436.104,390.371
368.282,390.461
67.756,390.925
435.992,391.306
433.946,391.346
437.983,392.456
67.603,392.698
43.805,392.703
387.72,392.743
75.721,392.82
91.755,392.94
84.958,392.993
350.834,393.015
412.508,393.212
448.146,393.502
94.032,393.635
421.458,393.757
399.452,393.855
85.894,394.246
76.829,394.409
420.05,394.812
31.469,394.823
48.814,394.997
88.208,395.247
377.197,395.342
99.782,395.363
114.505,395.536
131.893,395.601
424.151,396.003
428.045,396.207
64.925,396.343
382.259,396.419
400.564,396.719
338.582,397.027
420.547,397.059
113.269,397.283
111.269,397.428
361.969,397.622
380.704,397.84
118.64,397.862
65.474,397.864
149.382,398.016
357.426,398.042
83.199,398.172
351.375,398.205
383.83,398.269
409.073,398.274
116.504,398.588
410.204,399.163
110.656,399.239
319.2,399.345
375.708,399.624
115.02,399.69
79.99,399.942
60.61,399.962
117.998,400.035
165.375,400.069
64.08,400.093
111.713,400.172
406.533,400.324
156.759,400.334
64.368,400.932
389.044,400.936
324.707,401.197
53.383,401.396
384.84,401.565
172.728,401.743
157.021,401.853
343.209,401.875
388.29,402.187
135.45,402.325
407.202,402.33
78.412,402.465
296.567,402.621
117.548,402.827
276.546,403.014
119.355,403.016
427.567,403.036
237.441,403.141
171.03,403.242
94.776,403.431
400.29,403.583
364.009,403.632
216.281,403.738
69.344,403.834
394.043,403.837
228.186,404.266
127.521,404.302
291.202,404.565
390.223,404.643
183.113,404.72
263.353,404.726
300.303,404.822
123.494,404.996
335.635,405.027
343.935,405.111
92.976,405.224
305.999,405.251
390.917,405.78
302.855,405.923
87.612,405.967
303.317,405.982
167.863,406.165
120.956,406.173
305.291,406.215
270.593,406.391
169.89,406.627
126.54,406.846
153.452,406.889
195.68,407.109
89.24,407.149
305.034,407.174
63.834,407.371
301.158,407.389
304.714,407.514
405.399,407.597
208.884,407.714
232.737,408.015
275.488,408.147
287.802,408.291
318.68,408.54
228.677,408.656
135.582,408.736
191.883,408.816
255.725,408.868
73.7,408.875
82.104,408.895
130.995,408.988
209.892,409.092
227.285,409.217
70.635,409.332
266.255,409.427
135.223,409.595
160.665,409.705
320.522,409.815
90.167,410.206
213.1,410.277
138.504,410.321
281.102,410.354
284.847,410.361
226.241,410.568
107.758,410.612
178.291,410.675
209.163,410.84
158.839,410.947
351.67,410.951
363.075,411.015
415.817,411.583
229.033,411.662
336.566,411.77
285.446,411.998
260.778,412.067
327.692,412.193
341.677,412.277
257.165,412.331
102.502,412.379
380.025,412.558
279.12,412.833
152.226,412.855
403.768,412.856
257.718,412.965
367.371,413.262
283.121,413.349
169.409,413.67
190.529,413.784
190.273,413.899
271.932,414.035
95.789,414.043
197.375,414.109
109.047,414.293
381.669,414.33
315.492,414.358
197.753,414.381
221.842,414.473
253.467,414.664
139.782,415.115
129.748,415.173
383.414,415.2
197.434,415.202
269.046,415.209
124.115,415.262
80.432,415.289
190.811,415.4
220.093,415.472
237.711,415.537
264.897,415.572
407.023,415.673
295.996,415.991
97.247,416.01
315.275,416.778
151.172,417.074
118.479,417.095
188.836,417.103
281.86,417.163
199.862,417.181
295.567,417.203
207.787,417.346
188.622,417.373
353.395,417.424
258.27,417.529
106.041,417.726
308.96,417.742
211.704,417.878
173.589,417.888
104.555,418.093
335.207,418.16
112.874,418.188
354.632,418.37
125.739,418.416
234.507,418.468
310.619,418.775
387.325,418.898
325.105,419.289
382.581,419.315
271.513,419.377
212.78,419.444
377.046,419.455
140.49,419.932
218.959,420.131
317.028,420.228
254.704,420.249
309.1,420.443
173.306,420.526
92.599,420.669
337.386,421.004
134.898,421.141
314.054,421.248
154.881,421.634
349.701,421.652
201.895,421.718
166.255,421.931
378.984,422.004
371.817,422.008
99.406,422.288
196.673,422.573
330.035,422.856
316.572,423.484
118.361,423.503
175.443,423.556
283.699,423.558
279.992,423.596
212.343,423.602
185.609,423.917
366.829,424.024
129.466,424.13
218.038,424.521
363.769,424.607
338.379,424.652
176.376,424.839
271.134,424.855
120.665,425.106
311.792,425.296
97.952,425.347
297.329,425.654
313,425.869
340.875,426.126
245.642,426.362
319.669,426.467
126.147,426.478
293.242,426.633
375.438,426.635
175.931,426.949
170.395,427.14
281.535,427.357
207.034,427.407
137.681,427.607
152.751,427.649
150.81,427.675
114.123,427.772
200.928,427.941
200.511,427.955
287.307,428.207
210.663,428.231
128.275,428.488
175.522,428.597
186.077,429.118
179.995,429.387
321.488,429.445
163.642,429.528
205.247,429.563
171.426,429.853
177.699,430.005
198.463,430.006
158.042,430.115
312.424,430.181
251.255,430.57
344.933,431.301
277.793,431.339
317.931,431.572
134.386,431.874
262.219,432.229
173.95,432.248
337.756,432.272
157.268,432.455
325.985,432.681
309.701,432.849
149.632,433.107
219.665,434.107
150.417,434.508
264.571,434.546
160.359,434.736
272.937,434.785
270.371,434.949
322.39,435.133
289.899,435.177
225.679,435.41
303.837,435.479
206.045,436.023
188.361,436.104
169.052,436.336
325.641,436.469
265.566,436.524
230.877,436.569
264.409,436.615
171.919,436.719
293.566,436.723
193.055,436.953
213.511,437.019
192.08,437.213
183.244,437.523
228.015,438.665
288.79,438.928
258.736,439.333
297.477,439.6
203.887,440.687
298.536,440.791
243.962,440.814
238.526,441.593
251.937,442.055
200.09,442.546
272.275,445.758
216.038,64.569
259.969,68.072
226.852,68.191
126.801,68.228
190.483,68.481
47.035,68.538
309.29,68.687
231.062,68.763
133.637,68.782
121.143,68.878
54.094,68.93
113.246,69.092
217.701,69.131
264.302,69.184
116.821,69.283
251.889,69.384
284.77,69.565
32.783,69.609
90.353,69.805
115.059,70.588
293.519,70.663
242.242,70.84
81.168,70.878
21.727,71.013
275.25,71.139
233.191,71.16
152.262,71.197
253.069,71.225
327.389,71.249
121.669,71.339
145.722,71.481
278.585,71.559
320.408,71.723
188.685,71.897
48.953,71.91
201.272,72.19
132.484,72.435
298.292,72.518
281.398,72.732
58.985,72.888
311.518,72.891
162.008,73.114
130.284,73.427
146.881,73.517
170.891,73.995
206.398,74.276
40.033,74.325
269.955,74.645
174.767,74.719
214.988,74.723
324.542,75.255
150.483,75.369
129.035,75.443
155.305,75.505
211.502,75.519
50.613,75.772
102.179,75.819
73.408,75.876
29.382,76.012
65.628,76.131
24.719,76.158
151.859,76.227
64.69,76.368
305.816,76.428
195.407,76.619
17.618,76.707
54.673,76.753
60.474,76.761
318.516,76.837
321.917,76.855
35.155,77.012
247.068,77.082
253.91,77.438
331.232,77.468
142.261,77.667
184.225,77.736
55.245,77.925
22.438,77.946
220.875,78.13
300.542,78.151
199.753,78.471
113.973,78.928
50.868,78.939
276.967,78.989
90.211,79.071
187.05,79.109
68.587,79.172
89.968,79.221
255.24,79.41
109.145,79.592
164.547,79.603
317.82,80.373
23.927,80.504
183.279,80.504
289.186,80.511
28.05,80.915
250.365,81.036
178.396,81.042
28.819,81.143
323.43,81.213
77.37,81.326
283.176,81.482
247.943,81.576
38.135,81.592
105.994,81.689
79.447,81.78
100.859,81.948
173.988,82.143
89.099,82.281
214.795,82.535
284.032,83.041
219.699,83.054
248.964,83.423
107.399,83.517
140.64,83.611
329.821,83.693
130.003,83.758
172.473,83.817
254.236,84.097
313.376,84.138
203.77,84.203
125.307,84.468
45.832,84.49
75.458,84.596
112.016,84.655
41.348,84.674
51.149,85.005
315.754,85.203
267.122,85.436
297.382,85.729
231.815,86.061
307.544,86.256
176.354,86.404
284.96,86.528
67.625,86.571
139.114,86.722
234.676,86.8
100.566,87.184
290.86,87.39
65.152,87.445
140.329,87.487
91.613,87.869
125.958,88.053
301.209,88.087
96.868,88.464
170.37,88.633
158.962,88.723
137.036,88.84
71.383,88.961
228.559,89.153
26.029,89.203
214.032,89.258
285.57,89.352
59.543,89.465
138.531,89.481
205.344,89.501
92.804,89.609
160.633,90.148
70.26,90.168
21.191,90.175
216.693,90.176
209.759,90.274
302.575,90.312
143.856,90.406
67.907,90.611
276.088,90.629
88.006,90.715
299.906,91.006
171.044,91.052
331.807,91.092
119.989,91.217
176.423,91.278
149.279,91.325
167.107,91.329
143.313,91.353
174.943,91.396
185.274,91.51
213.281,91.533
84.65,91.606
81.736,91.847
271.966,92.033
108.697,92.295
319.142,92.307
282.125,92.573
289.827,92.748
224.473,92.762
123.146,92.857
182.346,93.09
180.999,93.371
319.819,93.381
314.32,93.69
245.298,93.733
325.169,93.746
147.988,93.752
305.636,93.766
326.576,93.977
142.553,94.007
279.95,94.095
34.828,94.239
229.302,94.68
269.226,94.857
280.481,94.905
304.076,95.292
310.945,95.436
270.629,95.601
99.083,95.623
172.993,95.744
192.915,95.776
128.415,95.79
295.165,96.015
32.332,96.076
287.144,96.099
45.044,96.237
262.497,96.386
236.939,96.547
18.619,96.615
30.025,97.059
292.227,97.319
151.36,97.467
218.971,97.701
83.275,97.813
204.796,97.934
67.156,98.011
218.354,98.038
238.965,98.246
260.378,98.251
163.495,98.358
175.281,98.624
80.47,99.037
127.306,99.195
103.745,99.497
243.78,99.689
268.029,99.763
267.519,99.886
118.059,100.328
325.927,100.549
73.978,100.794
207.397,100.795
159.43,101.157
168.411,101.163
237.872,101.487
165.358,101.519
237.318,101.524
328.292,101.575
240.2,101.601
272.841,101.612
165.878,101.694
261.697,101.72
61.133,101.851
31.865,101.905
236.33,102.284
102.728,102.351
71.598,102.415
159.945,102.417
302.044,102.431
62.701,102.641
98.283,102.789
161.741,102.86
38.412,102.886
134.135,102.904
259.747,102.947
273.514,102.993
88.192,103.002
233.505,103.258
187.762,103.601
321.573,103.626
93.934,103.76
193.371,103.796
135.355,104.132
36.662,104.369
314.72,104.4
39.133,104.498
301.723,105.178
207.05,105.296
316.657,105.436
95.38,105.52
122.636,105.828
208.624,105.845
74.73,105.853
241.581,106.008
92.035,106.078
197.053,106.129
330.499,106.441
221.783,106.579
235.862,106.819
126.396,107.061
299.646,107.462
291.655,108.077
162.565,108.361
317.621,108.413
259.006,108.686
232.675,108.73
107.594,109.229
246.555,109.607
107.186,109.662
291.912,109.756
14.943,109.986
263.578,110.154
124.427,110.471
182.642,110.55
69.485,110.585
243.13,110.616
42.772,110.768
124.332,110.81
226.114,110.826
141.028,110.828
57.366,110.88
37.275,111.523
110.56,111.854
312.287,111.995
117.429,112.038
152.64,112.135
33.276,112.226
20.122,112.335
156.552,112.412
44.408,112.495
196.111,112.736
224.993,112.877
56.858,113.207
199.195,113.672
279.222,113.841
99.84,113.858
144.907,113.889
257.113,113.893
216.907,114.343
151.554,114.535
157.445,116.146
271.068,116.208
638.429,69.833
646.873,70.219
642.615,70.236
637.159,73.381
646.356,76.271
628.895,77.097
653.458,77.615
648.93,79.587
628.01,79.848
633.666,80.951
635.234,81.065
630.515,81.439
633.983,81.757
651.337,82.528
633.844,84.471
644.083,85.89
628.277,87.093
650.184,87.129
642.5,87.839
619.365,89.899
641.343,90.272
631.953,90.276
645.859,90.376
652.053,90.481
635.287,92.205
650.558,92.824
629.853,94.01
660.985,94.011
616.468,94.085
659.341,96.81
655.865,99.736
658.268,100.376
643.042,102.249
616.289,102.478
648.069,102.873
645.295,105.293
629.751,106.066
647.14,108.757
656.369,110.216
639.052,110.412
637.992,112.942
626.31,113.467
613.896,117.119
626.995,117.563
649.304,117.694
628.444,118.015
660.578,118.683
624.272,120.167
647.534,121.18
652.477,121.476
623.795,121.7
646.952,121.884
615.776,123.529
650.71,123.953
631.923,124.434
658.523,125.339
625.508,125.495
640.05,125.601
617.471,127.921
627.604,129.176
636.495,129.319
625.735,129.76
634.514,130.263
622.163,130.69
649.648,131.033
618.195,132.638
610.536,132.741
634.382,133.032
612.218,134.758
619.071,135.846
662.65,136.899
658.723,138.197
651.528,138.403
661.357,140.724
644.799,141.261
636.913,141.899
639.199,142.088
643.383,143.582
628.99,145.241
658.936,145.456
625.444,145.547
659.866,145.636
630.689,145.696
639.847,146.073
615.64,148.389
629.251,148.398
650.806,149.221
656.952,150.523
604.735,150.861
626.521,150.995
617.633,151.196
647.191,152.708
646.492,152.897
619.496,154.315
627.27,154.611
639.284,155.42
622.555,155.503
625.851,156.341
643.606,156.761
609.945,158.653
602.53,160.501
657.65,160.602
635.719,161.542
622.699,162.277
637.024,162.813
639.967,162.975
639.365,163.731
620.534,164.019
630.962,164.268
621.702,164.641
620.159,165.072
662.146,165.24
650.876,165.404
648.855,167.315
624.875,168.281
654.176,168.852
631.85,168.909
611.298,168.946
602.919,169.31
650.435,169.443
619.291,169.777
615.414,170.371
616.396,170.894
644.034,172.01
642.844,172.614
649.544,172.643
657.885,173.242
651.132,174.202
643.42,175.624
642.241,176.611
632.65,178.971
628.554,179.042
618.682,179.581
656.563,179.591
641.56,181.521
636.046,181.612
653.977,182.634
639.708,183.47
638.731,183.472
601.317,184.681
623.263,184.972
620.703,185.233
612.437,185.931
610.704,186.45
615.151,186.791
602.679,187.337
607.416,188.377
647.937,189.06
657.491,189.694
638.975,191.449
651.958,192.903
604.409,193.249
632.028,194.416
601.576,194.947
640.128,195.589
609.228,195.754
624.375,196.041
645.81,196.052
613.66,196.166
625.616,196.519
646.799,197.472
633.093,198.324
614.3,198.526
613.055,198.557
608.58,199.304
635.52,199.74
601.033,200.945
652.831,202.27
609.127,204.111
605.49,204.686
611.829,204.873
619.031,205.036
614.423,205.113
657.772,205.355
657.381,206.686
631.138,206.869
623.037,207.234
612.316,209.244
631.43,210.478
607.942,210.84
605.976,211.04
618.437,212.16
634.796,212.666
610.961,213.425
610.153,215.188
633.422,218.453
608.146,219.188
633.557,219.878
604.556,220.79
623.087,221.653
613.606,222.104
615.063,222.315
627.911,223.012
604.254,223.408
607.289,224.486
644.213,224.599
598.838,224.764
608.264,225.201
623.982,225.693
617.815,225.705
609.06,226.166
598.718,226.987
654.422,231.377
625.301,232.053
639.147,233.532
643.697,233.82
631.229,234.764
644.494,235.512
636.19,236.904
613.143,237.416
648.744,239.676
617.003,239.865
621.991,241.452
595.235,241.921
614.255,242.22
625.158,242.82
615.254,243.125
656.057,243.157
602.706,243.216
642.662,245.097
626.823,247.105
642.879,248.146
608.849,248.307
597.123,251.997
627.196,252.452
590.237,253.125
606.155,253.36
626.671,254.995
631.705,255.064
611.046,256.673
607.867,257.979
612.879,258.661
620.419,259.859
600.872,260.058
640.509,260.983
632.566,261.732
632.969,261.954
637.637,262.346
600.762,262.49
609.641,262.757
598.192,262.925
633.248,263.68
613.565,264.571
596.028,264.929
605.868,266.005
606.284,266.339
630.267,266.767
590.664,267.344
634.972,268.941
629.951,269.953
566.779,270.141
624.628,270.96
592.434,271.299
563.985,272.66
582.921,272.69
558.108,272.722
576.439,273.065
617.069,273.229
606.928,273.56
592.685,274.15
604.825,274.538
550.221,276.31
631.365,277.22
618.024,277.472
609.564,277.599
551.227,277.835
561.011,278.402
610.315,279.406
630.816,279.596
586.251,279.724
615.035,280.036
544.102,280.259
596.122,280.357
551.038,280.461
627.389,280.766
629.581,280.84
583.927,280.909
567.411,281.058
563.615,281.11
535.18,281.514
588.253,281.569
601.208,281.781
628.756,281.994
566.374,282.239
553.029,282.259
554.812,282.421
591.563,282.493
538.109,282.559
614.086,282.568
619.945,283.01
550.033,283.092
598.961,284.439
598.586,284.883
599.292,285.253
603.992,287.038
589.273,287.346
537.23,287.784
611.121,288.272
584.461,288.812
550.336,288.853
545.758,289.376
586.055,289.412
562.703,289.468
585.755,290.904
574.252,290.973
582.679,290.978
549.662,291.402
592.2,291.789
581.772,291.836
564.464,292.351
586.942,292.405
567.92,293.421
566.964,293.507
610.904,293.739
583.331,293.777
584.405,294.012
549.789,294.089
585.28,294.418
583.83,294.789
597.681,294.973
535.768,295.254
604.995,295.599
545.803,295.735
571.74,296.147
536.682,296.948
588.979,296.993
574.955,297.113
603.368,297.967
529.14,298.157
554.264,299.127
524.605,299.439
557.589,299.657
560.629,300.508
588.882,301.082
580.291,302.288
599.632,302.326
528.668,302.446
550.772,303.124
520.891,303.156
562.2,303.45
553.389,304.069
554.076,304.111
565.244,304.849
552.828,304.859
545.118,305.189
574.787,305.203
548.781,305.562
531.641,306.148
580.045,306.605
536.437,306.857
581.364,307.078
542.73,307.096
566.065,308.456
589.452,309.517
581.997,309.537
572.642,309.685
564.544,310.094
551.375,310.51
592.919,310.886
572.525,310.948
593.848,312.823
573.861,313.341
570.477,313.669
592.084,314.374
543.406,314.782
587.403,314.782
572.385,315.254
543.885,315.921
532.48,316.115
568.736,316.53
542.344,317.173
561.695,317.556
557.155,319.103
521.94,319.312
530.896,320.019
519.322,320.204
551.946,321.267
525.257,321.555
557.719,322.275
529.494,322.42
565.606,323.526
558.038,324.983
513.127,325.576
539.567,325.635
511.288,325.661
562.505,326.106
524.815,326.561
562.334,326.591
542.555,326.774
526.977,329.825
510.187,332.044
527.642,333.275
535.357,333.618
530.679,334.881
521.398,336.101
506.014,336.845
544.957,338.278
516.405,338.377
559.536,338.844
516.866,340.122
516.175,340.423
533.031,342.258
516.709,342.967
507.298,343.141
526.655,343.227
537.073,343.324
531.384,344.036
559.947,344.313
551.8,344.665
532.63,346.463
549.928,346.87
512.998,347.134
506.282,347.256
549.219,347.288
549.046,347.325
556.37,347.521
530.543,347.717
517.124,348.839
505.591,349.722
533.873,350.12
546.092,350.246
506.8,351.681
514.726,352.324
563.16,352.825
560.466,353.041
496.813,353.348
523.78,353.627
539.062,354.104
515.737,354.633
512.512,354.649
545.246,354.684
535.007,354.879
531.92,355.585
528.132,357.187
509.195,357.335
545.841,357.713
564.763,360.585
496.355,360.734
526.393,362.78
533.479,362.868
534.698,363.307
514.931,364.027
508.735,364.085
544.336,365.089
536.211,368.434
544.616,368.465
518.741,368.731
549.438,368.815
552.761,369.18
527.74,370.741
529.853,371.235
507.817,371.655
537.48,372.144
514.38,372.154
540.382,372.201
522.716,372.396
547.908,373.611
563.812,373.659
570.276,374.89
537.858,375.534
566.252,376.006
522.372,376.576
541.593,376.772
546.888,377.032
582.543,378.021
573.339,379.514
572.883,380.49
584.977,380.705
506.593,380.706
564.637,382.724
560.103,383.985
568.561,384.308
582.386,384.61
544.506,384.68
602.052,385.07
626.183,385.463
623.634,386.466
557.014,386.488
616.898,386.718
524.271,387.662
497.011,388.034
564.948,388.251
576.761,388.831
561.196,389.205
594.78,390.005
630.417,390.87
575.553,391.146
623.474,391.353
528.987,391.381
623.929,392.063
500.079,392.084
621.458,392.174
627.516,392.205
609.448,392.217
556.283,393.042
614.765,393.269
624.527,393.526
568.984,393.64
518.845,393.922
538.624,394.299
613.404,394.391
557.228,394.627
546.581,395.05
529.239,395.06
553.648,395.396
620.747,395.5
637.922,396.26
619.682,396.262
620.355,396.944
640.872,396.954
647.756,397.113
517.716,397.381
509.624,398.128
584.55,398.314
515.617,398.462
534.354,398.824
658.107,398.942
523.036,399.07
540.774,399.332
512.329,399.97
659.654,400.335
580.489,400.387
656.659,400.523
497.553,400.884
580.793,400.915
652.585,401.112
653.301,401.142
634.716,401.244
664.506,402.044
607.694,402.076
631.776,402.169
596.177,402.183
638.123,402.948
666.425,403.01
569.496,403.554
523.135,404.033
591.13,404.274
514.003,404.715
540.47,405.085
556,405.256
634.319,405.427
636.7,405.742
517.442,406.077
637.681,406.356
507.08,406.499
532.885,407.271
561.513,407.344
657.817,408.07
576.475,408.079
519.845,408.173
605.298,408.676
525.329,408.777
609.738,408.906
643.854,409.022
632.419,409.502
531.025,409.594
665.24,409.595
656.889,409.615
543.174,409.724
583.483,409.846
559.64,410.03
521.159,410.444
594.187,410.605
531.474,410.911
537.59,410.962
589.913,410.969
559.715,411.3
644.994,411.51
522.47,411.807
522.187,411.914
558.783,412.258
546.742,412.305
523.594,412.541
617.726,412.715
571.524,413.035
543.677,413.373
624.702,413.612
513.46,413.998
541.81,414.169
593.963,414.261
644.629,414.595
638.329,414.601
625.101,414.69
544.225,414.718
548.348,415.317
648.34,415.376
656.796,416.111
622.982,416.399
639.921,416.485
527.026,416.579
544.763,416.649
518.294,416.867
680.701,416.937
536.556,417.417
650.36,418.248
577.566,418.34
654.665,418.648
662.413,418.669
588.025,419.772
509.088,420.189
517.639,420.626
615.942,420.748
555.656,421.388
541.292,421.412
606.456,421.616
555.477,422.03
641.059,422.102
683.671,422.505
663.05,422.637
595.394,422.642
602.168,422.725
639.621,422.884
642.005,422.946
503.099,423.039
552.192,423.151
645.575,423.792
675.769,424.198
547.195,424.432
614.932,424.576
557.78,425.207
667.073,425.59
510.521,426.533
632.094,426.829
555.071,427.039
664.939,427.302
534.138,427.444
600.056,427.462
606.664,427.974
591.859,428.001
645.176,428.255
670.508,428.31
561.414,428.466
613.794,428.565
559.657,428.669
560.38,429.224
671.176,429.473
550.407,429.628
496.552,429.749
598.298,430.209
681.532,430.285
666.825,430.519
576.034,430.531
541.993,430.812
531.421,430.824
649.929,431.409
677.589,431.481
548.547,431.905
519.073,431.995
568.102,432.006
635.104,432.828
505.11,432.984
579.018,433.463
618.99,433.662
526.011,433.833
518.055,433.979
571.178,434.044
605.596,434.319
524.43,434.446
660.227,434.59
517.953,434.911
673.834,435.254
622.07,435.692
595.016,436.412
584.847,436.565
644.594,436.61
618.814,436.923
549.33,437.57
607.165,437.833
508.218,438.065
632.776,438.067
672.278,438.864
512.791,438.881
523.964,438.922
641.493,439.113
511.816,439.857
646.095,440.274
539.492,440.442
545.038,440.497
552.415,440.576
637.852,440.88
647.44,440.969
570.518,441.199
668.521,441.215
647.346,441.747
649.06,442.005
655.122,442.006
554.389,442.29
540.557,442.73
601.448,442.844
612.047,442.94
594.482,443.222
645.027,443.565
514.101,444.018
518.556,444.059
573.011,444.297
603.032,444.463
555.255,445.01
593.286,445.038
558.663,445.26
591.195,445.414
661.845,445.446
602.472,445.846
601.816,446.305
564.269,446.346
609.013,446.653
520.396,447.219
560.053,447.272
637.739,447.422
638.559,448.135
587.828,448.49
629.202,448.54
627.726,450.15
621.208,451.384
538.157,452.418
629.318,452.661
657.117,452.665
559.182,452.682
545.589,452.721
602.373,453.472
551.717,453.653
653.791,453.915
612.672,454.15
558.219,454.31
547.3,454.506
612.535,455.623
578.35,455.69
538.964,455.895
534.608,455.959
621.903,455.992
618.075,456.074
562.08,456.396
617.962,457.551
568.39,457.755
573.75,458.924
565.86,459.454
561.304,459.931
578.67,460.61
554.716,460.908
577.082,461.731
569.221,462.349
556.636,464.758
557.293,465.752